----------

Before Training:
Kernel 1

[[ 0.06942341 -0.13732477 -0.10122305]
 [ 0.00653246  0.10791899  0.03241894]
 [-0.04372365 -0.00174828 -0.13043994]]

0.0
Kernel 2

[[-0.00340886  0.00223707  0.12769847]
 [-0.08510515  0.00194052 -0.0615591 ]
 [ 0.11349858  0.04731418 -0.04423904]]

0.0
Kernel 3

[[ 0.09789185 -0.10099576 -0.09931347]
 [-0.10787378 -0.12750316 -0.10869667]
 [-0.13877301 -0.11632969 -0.08336873]]

0.0
Kernel 4

[[ 0.07155445  0.06502947  0.08189222]
 [-0.05248736 -0.12730977 -0.03507574]
 [ 0.07411884 -0.05392632  0.06032431]]

0.0
Kernel 5

[[ 0.141378    0.00311211 -0.09531584]
 [-0.11745793  0.08282575 -0.11097397]
 [ 0.00294878  0.11233003  0.09929985]]

0.0
Kernel 6

[[-0.03260454  0.12614186 -0.0328936 ]
 [-0.0597404   0.11567952  0.05888577]
 [ 0.02292177  0.04172616 -0.1370546 ]]

0.0
Kernel 7

[[-0.01844718 -0.06995154 -0.03143078]
 [ 0.01363349  0.11843352  0.03337263]
 [-0.11604893 -0.1253852  -0.08924703]]

0.0
Kernel 8

[[-0.02377987  0.06826796  0.00411433]
 [-0.05665754 -0.02161897 -0.0389594 ]
 [-0.08792074 -0.11960647 -0.08296777]]

0.0
Kernel 9

[[ 0.12056111 -0.03952406 -0.11893152]
 [ 0.12434189  0.06820482 -0.07023697]
 [-0.13345209  0.00047246  0.06248999]]

0.0
Kernel 10

[[-0.00164692  0.07553807 -0.06543151]
 [-0.07326067 -0.02607953  0.06268121]
 [ 0.06584561 -0.07420003  0.10339984]]

0.0
Kernel 11

[[-0.05261478  0.11310585  0.03470993]
 [-0.07412381  0.14059715 -0.08903164]
 [-0.03220158 -0.01775141  0.08661181]]

0.0
Kernel 12

[[ 0.00058256 -0.09086186 -0.11415137]
 [ 0.00468686 -0.1209566  -0.06141532]
 [ 0.13710715 -0.02737467  0.11606501]]

0.0
Kernel 13

[[-0.09155865 -0.08893286 -0.06718121]
 [ 0.00428295 -0.06731866  0.06486532]
 [ 0.06358878 -0.11489066 -0.11841437]]

0.0
Kernel 14

[[ 0.02695708  0.09447585  0.01443343]
 [-0.10639788  0.12834708 -0.0080781 ]
 [ 0.09692989  0.11714514 -0.1352717 ]]

0.0
Kernel 15

[[-0.09097403 -0.12253853 -0.12339954]
 [ 0.01304042 -0.11440313 -0.05062532]
 [ 0.04555859 -0.12361489 -0.01289085]]

0.0
Kernel 16

[[ 0.02581581 -0.00396299 -0.00543922]
 [ 0.01427755  0.03670989 -0.07950198]
 [-0.09151074 -0.08199761  0.08318342]]

0.0
Kernel 17

[[-0.02561972 -0.02043949  0.11253001]
 [ 0.00805546 -0.08249098 -0.06178364]
 [ 0.056678    0.13076364  0.0524506 ]]

0.0
Kernel 18

[[ 0.11602722  0.07466212  0.11987536]
 [-0.13815649 -0.00048041  0.09207486]
 [-0.03103589 -0.08642688  0.03491782]]

0.0
Kernel 19

[[-0.02702349  0.13009061 -0.09280089]
 [ 0.00811507  0.0814711   0.06606713]
 [-0.02668103  0.00499503  0.03860158]]

0.0
Kernel 20

[[-0.099177    0.08044547 -0.03345338]
 [ 0.08977804  0.06128486  0.1344103 ]
 [-0.02518141  0.1079797  -0.1341858 ]]

0.0
Kernel 21

[[-0.08006888 -0.03279071  0.1107548 ]
 [ 0.11090629  0.13380511 -0.0595161 ]
 [-0.06337354  0.0419215   0.03852747]]

0.0
Kernel 22

[[-0.00463064 -0.02538704  0.1292695 ]
 [ 0.0714777   0.088782    0.04697965]
 [ 0.02953662 -0.07726762  0.13963608]]

0.0
Kernel 23

[[-0.00759327 -0.0568611   0.04663087]
 [ 0.09915796 -0.11333741 -0.06476159]
 [ 0.01682805 -0.00474897  0.05470407]]

0.0
Kernel 24

[[-0.10561407 -0.03153573 -0.08249169]
 [ 0.09194534  0.08955818  0.0966818 ]
 [ 0.0940221  -0.09796672  0.06643231]]

0.0
Kernel 25

[[ 0.00311933  0.05249518  0.12961887]
 [-0.01797151 -0.09372903  0.02686825]
 [ 0.05444452 -0.11544747 -0.11758328]]

0.0
Kernel 26

[[-0.06093924 -0.07171314 -0.11028188]
 [ 0.0229926   0.13975056  0.11700313]
 [ 0.09932485 -0.01313382  0.00560555]]

0.0
Kernel 27

[[-0.09109561 -0.0427701   0.07812615]
 [ 0.02433477 -0.02852003 -0.08094826]
 [-0.09904359 -0.05160239 -0.07948984]]

0.0
Kernel 28

[[ 0.03019166 -0.0176812  -0.04461038]
 [ 0.06685573 -0.08388622 -0.04566699]
 [ 0.09452969 -0.06615114 -0.00766458]]

0.0
Kernel 29

[[-0.0044103   0.01423579  0.04427256]
 [-0.03953718 -0.09471899  0.08301179]
 [ 0.1360598   0.10632221 -0.0977983 ]]

0.0
Kernel 30

[[ 0.07771279 -0.0259556   0.0156955 ]
 [-0.03133485 -0.02697792 -0.04011858]
 [ 0.06322931  0.03995287 -0.02190264]]

0.0
Kernel 31

[[-0.08090766 -0.07758629 -0.01772355]
 [ 0.10573108 -0.06898046 -0.00646219]
 [ 0.03181946  0.09922668 -0.13219215]]

0.0
Kernel 32

[[-0.04147808 -0.10202408  0.05233023]
 [ 0.06510386 -0.03576908  0.02928521]
 [ 0.09505369  0.03501382  0.07709868]]

0.0
