----------

Before Training:
Kernel 1

[[ 0.32745436  0.3934023   0.00441238]
 [ 0.2056953   0.19909361 -0.3392408 ]
 [-0.04676974  0.07719919 -0.2673459 ]]

0.0
Kernel 2

[[ 0.20183757  0.36534193 -0.09786722]
 [ 0.43710205 -0.14429855 -0.3120576 ]
 [ 0.31183186 -0.1820727  -0.21499568]]

0.0
----------

0:
Kernel 1

[[ 0.0383924   0.11209961 -0.01310476]
 [ 0.01133383  0.04410573 -0.10223569]
 [-0.09292353  0.02692039 -0.01272362]]

-0.18918077647686005
Kernel 2

[[-0.02233021  0.1245484  -0.18445493]
 [ 0.17085437 -0.11847664 -0.19893384]
 [ 0.07228663 -0.1495675  -0.09293635]]

-0.36271047592163086
----------

1:
Kernel 1

[[ 0.01260738  0.04503503  0.00076422]
 [ 0.01238261  0.01107964 -0.02668481]
 [-0.0376589  -0.00684707  0.00144807]]

-0.16153083741664886
Kernel 2

[[ 0.00289224  0.04691412 -0.11044599]
 [ 0.07449221 -0.03141462 -0.16412728]
 [ 0.02285845 -0.05176773 -0.03175307]]

-0.4797413647174835
----------

2:
Kernel 1

[[ 0.0092562   0.0289146   0.0040015 ]
 [ 0.00767256  0.00727925 -0.01158418]
 [-0.03599974 -0.00683042  0.00625204]]

-0.12064099311828613
Kernel 2

[[ 0.01048551  0.01519314 -0.06318329]
 [ 0.0499419  -0.00720676 -0.09656388]
 [ 0.01437772 -0.05289263 -0.0195717 ]]

-0.588752031326294
----------

3:
Kernel 1

[[ 0.00669191  0.02489642  0.00529089]
 [ 0.00503171  0.00965089 -0.00404944]
 [-0.03886492 -0.01127226 -0.00245981]]

-0.10950755327939987
Kernel 2

[[ 0.01152088  0.00899938 -0.03863904]
 [ 0.03599387 -0.00614822 -0.04698103]
 [ 0.01275402 -0.03679929 -0.01496135]]

-0.6660887598991394
----------

4:
Kernel 1

[[ 0.00874522  0.01956743  0.00593913]
 [-0.00168364  0.00669406 -0.00098793]
 [-0.05977755 -0.02280724 -0.00998286]]

-0.06564636528491974
Kernel 2

[[ 0.01335087  0.00074055 -0.03858592]
 [ 0.03713446 -0.00702717 -0.0509958 ]
 [ 0.00982014 -0.02815071 -0.02681165]]

-0.684134304523468
----------

5:
Kernel 1

[[ 0.00542462  0.02581015  0.00619213]
 [-0.01231634  0.01305906 -0.00231066]
 [-0.05631054 -0.02042542 -0.00795659]]

-0.009567568078637123
Kernel 2

[[ 0.00991845 -0.0002532  -0.03492953]
 [ 0.02983824 -0.01089089 -0.05261699]
 [ 0.00588487 -0.02951735 -0.02874947]]

-0.6772723197937012
----------

6:
Kernel 1

[[-0.00035536  0.02501611  0.00575062]
 [-0.0162146   0.0176035  -0.0031097 ]
 [-0.0662543  -0.03367133 -0.00397841]]

-0.006422738078981638
Kernel 2

[[ 0.01377913 -0.00807736 -0.0377816 ]
 [ 0.03103126 -0.0108171  -0.03590268]
 [ 0.00326712 -0.02193332 -0.01964981]]

-0.6500382423400879
----------

7:
Kernel 1

[[-0.0036078   0.02696905  0.01249265]
 [-0.01766282  0.01710325 -0.00978656]
 [-0.05822988 -0.04046164  0.00190508]]

-0.0060796733014285564
Kernel 2

[[ 0.00889032 -0.00363828 -0.03498469]
 [ 0.03260997 -0.00224475 -0.0294544 ]
 [ 0.0002931  -0.01885472 -0.02692991]]

-0.6333964467048645
----------

8:
Kernel 1

[[-0.00646799  0.02670384  0.00872204]
 [-0.0251536   0.01871773 -0.01121683]
 [-0.06736483 -0.03639542 -0.00088143]]

-0.009375721216201782
Kernel 2

[[ 0.00819493 -0.00701704 -0.03608911]
 [ 0.03121088 -0.00839743 -0.03403553]
 [-0.00236926 -0.02112589 -0.02305817]]

-0.5906203985214233
----------

9:
Kernel 1

[[-0.00343155  0.02878741  0.01249722]
 [-0.02842758  0.02194781 -0.01327149]
 [-0.07625375 -0.04212296  0.00194239]]

-0.010260357521474361
Kernel 2

[[ 0.01273545 -0.00498735 -0.04043916]
 [ 0.03635903 -0.00316267 -0.03573151]
 [ 0.00183946 -0.01811536 -0.03971713]]

-0.5552191138267517
----------

After Training:
Kernel 1

[[-0.00343155  0.02878741  0.01249722]
 [-0.02842758  0.02194781 -0.01327149]
 [-0.07625375 -0.04212296  0.00194239]]

-0.010260357521474361
Kernel 2

[[ 0.01273545 -0.00498735 -0.04043916]
 [ 0.03635903 -0.00316267 -0.03573151]
 [ 0.00183946 -0.01811536 -0.03971713]]

-0.5552191138267517
