----------

Before Training:
Kernel 1

[[ 0.1679242  -0.25253952  0.30639532]
 [ 0.26594618 -0.21731848 -0.4339344 ]
 [ 0.08983651 -0.02191311  0.18742421]]

0.0
Kernel 2

[[ 0.34337816 -0.35257065 -0.46564862]
 [ 0.10433987  0.23974511  0.11935011]
 [-0.11865708 -0.2492151   0.3828142 ]]

0.0
----------

After Training:
Kernel 1

[[ 0.15261973 -0.23539965  0.27989691]
 [ 0.25747624 -0.16062497 -0.42986664]
 [ 0.12778035  0.02321903  0.11284758]]

-0.1083553209900856
Kernel 2

[[ 0.29753017 -0.38746893 -0.5043122 ]
 [ 0.06602521  0.18401669  0.06583315]
 [-0.13530494 -0.29939213  0.3136993 ]]

-0.08114368468523026
