----------

Before Training:
Kernel 1

[[-0.34603584  0.41463724 -0.20916122]
 [-0.22680658 -0.08576849  0.469259  ]
 [-0.24824066  0.25139663 -0.32125497]]

0.0
Kernel 2

[[-0.19864956  0.42686406 -0.28245413]
 [-0.4150878   0.42119268  0.40686885]
 [ 0.0225789   0.28606215  0.44753447]]

0.0
----------

0:
Kernel 1

[[-0.3464827   0.41228327 -0.1669658 ]
 [-0.2346689  -0.08582268  0.47378835]
 [-0.2675666   0.24166435 -0.2566968 ]]

0.07272788882255554
Kernel 2

[[-0.19830514  0.36032102 -0.3318425 ]
 [-0.39201626  0.33868057  0.30748352]
 [ 0.00479344  0.18414505  0.33504212]]

-0.030897751450538635
----------

1:
Kernel 1

[[-0.39342624  0.38710985 -0.15191428]
 [-0.25208747 -0.09468666  0.4445316 ]
 [-0.28929576  0.21637137 -0.2235232 ]]

0.11793118715286255
Kernel 2

[[-0.15477256  0.31709722 -0.34662923]
 [-0.33442876  0.2839691   0.24618448]
 [ 0.0069255   0.10061914  0.23283643]]

-0.08951544761657715
----------

2:
Kernel 1

[[-0.44672573  0.3347968  -0.13675688]
 [-0.2168307  -0.09792819  0.407667  ]
 [-0.28857931  0.18502332 -0.19176367]]

0.16811615228652954
Kernel 2

[[-0.1314558   0.26061717 -0.3206245 ]
 [-0.27369654  0.2344707   0.21004583]
 [ 0.0639592   0.04920904  0.16106929]]

-0.13228505849838257
----------

3:
Kernel 1

[[-0.47944066  0.30778778 -0.09851518]
 [-0.15499279 -0.07963244  0.3772468 ]
 [-0.29797852  0.16210774 -0.153023  ]]

0.2132866233587265
Kernel 2

[[-0.10452243  0.2124397  -0.3031737 ]
 [-0.22833842  0.178479    0.16992845]
 [ 0.09580662  0.01426752  0.11287177]]

-0.18990178406238556
----------

4:
Kernel 1

[[-0.47579798  0.2631955  -0.08645771]
 [-0.14915578 -0.09177055  0.34476262]
 [-0.29558492  0.13085373 -0.12087137]]

0.2526058554649353
Kernel 2

[[-0.08322889  0.18589209 -0.26398578]
 [-0.20988022  0.14445779  0.1775726 ]
 [ 0.10542114 -0.01029023  0.08862591]]

-0.25652432441711426
----------

5:
Kernel 1

[[-0.46194586  0.25234982 -0.06632733]
 [-0.11777733 -0.08050974  0.31588188]
 [-0.29027534  0.10751071 -0.11470017]]

0.2965395748615265
Kernel 2

[[-0.05985853  0.15750805 -0.2444316 ]
 [-0.18794851  0.12176591  0.17599154]
 [ 0.10822447 -0.02788771  0.06429484]]

-0.2981247901916504
----------

6:
Kernel 1

[[-0.44192684  0.2226184  -0.05785093]
 [-0.0982933  -0.07443043  0.2947464 ]
 [-0.26414466  0.10099296 -0.0850326 ]]

0.33742615580558777
Kernel 2

[[-0.04640397  0.14327346 -0.24002388]
 [-0.17837875  0.10705394  0.16294558]
 [ 0.10826545 -0.03290354  0.06356819]]

-0.36552852392196655
----------

7:
Kernel 1

[[-0.41013554  0.2029287  -0.05032024]
 [-0.0981518  -0.07112527  0.27399638]
 [-0.23960382  0.08754087 -0.08190474]]

0.3632236123085022
Kernel 2

[[-0.03123853  0.13277112 -0.21612121]
 [-0.17236747  0.09732565  0.16751051]
 [ 0.10684366 -0.0363477   0.04483287]]

-0.42009174823760986
----------

8:
Kernel 1

[[-0.3913772   0.18868956 -0.04874085]
 [-0.09242985 -0.06371184  0.2616857 ]
 [-0.23622434  0.07509623 -0.07446154]]

0.3885010778903961
Kernel 2

[[-0.01979295  0.11859964 -0.21098307]
 [-0.16223054  0.0893814   0.15786579]
 [ 0.1181438  -0.03360461  0.03113873]]

-0.46571996808052063
----------

9:
Kernel 1

[[-0.35225606  0.17852847 -0.04066328]
 [-0.0772479  -0.05294134  0.25303203]
 [-0.22381997  0.08042093 -0.0577331 ]]

0.41790029406547546
Kernel 2

[[-0.01453641  0.11205143 -0.19877557]
 [-0.1543985   0.08192733  0.16148618]
 [ 0.10823614 -0.03386526  0.03940485]]

-0.5092477202415466
----------

After Training:
Kernel 1

[[-0.35225606  0.17852847 -0.04066328]
 [-0.0772479  -0.05294134  0.25303203]
 [-0.22381997  0.08042093 -0.0577331 ]]

0.41790029406547546
Kernel 2

[[-0.01453641  0.11205143 -0.19877557]
 [-0.1543985   0.08192733  0.16148618]
 [ 0.10823614 -0.03386526  0.03940485]]

-0.5092477202415466
