----------

Before Training:
Kernel 1

[[ 0.08837011  0.20502624 -0.03486905]
 [-0.13091734 -0.18665636 -0.32442194]
 [-0.037507   -0.06663179 -0.40741515]]

0.0
Kernel 2

[[ 0.343475    0.11409083  0.3086814 ]
 [-0.30305484  0.17925099  0.41575256]
 [ 0.41503438 -0.01793793  0.05454591]]

0.0
----------

0:
Kernel 1

[[ 0.03905184  0.16286163  0.00386037]
 [-0.12799855 -0.02069948 -0.1713686 ]
 [-0.11285254 -0.1077035  -0.25632402]]

-0.004880259279161692
Kernel 2

[[ 0.09676948 -0.00996063  0.01716947]
 [-0.18086097  0.06661094  0.11376955]
 [ 0.13826707 -0.07070433 -0.0571705 ]]

-0.24892187118530273
----------

1:
Kernel 1

[[ 0.01397713  0.08805162 -0.01165214]
 [-0.08446506  0.01424882 -0.07217412]
 [-0.08720834 -0.12539752 -0.08781485]]

0.002786235883831978
Kernel 2

[[ 0.03373458  0.00360706  0.00355999]
 [-0.05774603  0.02617101  0.0400626 ]
 [ 0.04166717 -0.01796403 -0.01704293]]

-0.20177868008613586
----------

2:
Kernel 1

[[ 0.00759392  0.06860324 -0.00498301]
 [-0.05838231  0.0248052  -0.06808125]
 [-0.05783363 -0.12121313 -0.02582143]]

0.0698784589767456
Kernel 2

[[ 0.02008409  0.00576052  0.00546522]
 [-0.03364519  0.01630189  0.0277867 ]
 [ 0.02511252 -0.00588372 -0.01324954]]

-0.06946226209402084
----------

3:
Kernel 1

[[ 2.7206868e-03  5.6814276e-02  3.7839018e-06]
 [-5.6275073e-02  2.3505107e-02 -5.0731473e-02]
 [-7.9085752e-02 -8.4566563e-02 -2.3009457e-02]]

0.10969218611717224
Kernel 2

[[ 0.01045403  0.00305343  0.00036971]
 [-0.02675856  0.01180471  0.0226592 ]
 [ 0.01892389 -0.00678109 -0.00967712]]

-0.0206231027841568
----------

4:
Kernel 1

[[-0.00287708  0.05671388 -0.00129891]
 [-0.03777498  0.023572   -0.04254347]
 [-0.06889391 -0.10977948 -0.0099132 ]]

0.12091918289661407
Kernel 2

[[ 0.01240389  0.00126667 -0.00390658]
 [-0.02426106  0.01634733  0.02799267]
 [ 0.0121511  -0.00580478 -0.01169785]]

-0.054617080837488174
----------

5:
Kernel 1

[[-0.00397573  0.05200599  0.00269898]
 [-0.04298343  0.02242953 -0.04749436]
 [-0.05811021 -0.11268653 -0.01747721]]

0.138130322098732
Kernel 2

[[ 0.00703091  0.00222742 -0.00458233]
 [-0.02332956  0.01733499  0.02482499]
 [ 0.01311305 -0.00434172 -0.01075555]]

-0.12672893702983856
----------

6:
Kernel 1

[[-0.00631036  0.05062589  0.00477093]
 [-0.04204939  0.02146281 -0.03578792]
 [-0.05237994 -0.08023357 -0.00994568]]

0.14245526492595673
Kernel 2

[[ 0.00656776  0.00195942 -0.00863374]
 [-0.02100369  0.01562306  0.02491642]
 [ 0.00878008 -0.005188   -0.00803833]]

-0.2123352736234665
----------

7:
Kernel 1

[[-0.00435495  0.0517213   0.00301027]
 [-0.04754231  0.02282399 -0.03572139]
 [-0.07807879 -0.08522308 -0.01559214]]

0.14219795167446136
Kernel 2

[[ 0.005628    0.00019968 -0.01120971]
 [-0.0222251   0.01551396  0.02789418]
 [ 0.01127806 -0.00546804 -0.01070487]]

-0.2816118896007538
----------

8:
Kernel 1

[[-0.00778089  0.05267054  0.00669947]
 [-0.04209421  0.01660132 -0.03833904]
 [-0.07944768 -0.10098546 -0.01545893]]

0.14154082536697388
Kernel 2

[[ 0.00713419  0.00641166 -0.01434215]
 [-0.02109796  0.0154753   0.02988654]
 [ 0.01374871 -0.0028186  -0.00917475]]

-0.35108429193496704
----------

9:
Kernel 1

[[-0.01136156  0.04909201  0.00775746]
 [-0.03457316  0.01867523 -0.03640423]
 [-0.05410308 -0.08275276 -0.01827537]]

0.1454872339963913
Kernel 2

[[ 0.00697402  0.00462327 -0.01635584]
 [-0.02541073  0.01709162  0.02897108]
 [ 0.01241665  0.00048587 -0.00747061]]

-0.43240392208099365
----------

After Training:
Kernel 1

[[-0.01136156  0.04909201  0.00775746]
 [-0.03457316  0.01867523 -0.03640423]
 [-0.05410308 -0.08275276 -0.01827537]]

0.1454872339963913
Kernel 2

[[ 0.00697402  0.00462327 -0.01635584]
 [-0.02541073  0.01709162  0.02897108]
 [ 0.01241665  0.00048587 -0.00747061]]

-0.43240392208099365
