----------

Before Training:
Kernel 1

[[-0.36858958  0.12592533 -0.38551733]
 [-0.30056626  0.35903987 -0.04231331]
 [-0.04215842 -0.10605878 -0.18122673]]

0.0
Kernel 2

[[-0.14292231 -0.4226858  -0.3370715 ]
 [-0.29810524  0.09952566 -0.35755306]
 [-0.30991542  0.26562205  0.2530637 ]]

0.0
----------

0:
Kernel 1

[[-0.41626552 -0.01123574 -0.4451945 ]
 [-0.3327539   0.2125066  -0.09437206]
 [-0.05916286 -0.17877239 -0.19995956]]

-0.12996190786361694
Kernel 2

[[-0.0339209  -0.20915963 -0.08020457]
 [-0.23804627  0.08596986 -0.20650136]
 [-0.18011753  0.09161878  0.12409746]]

0.23402051627635956
----------

1:
Kernel 1

[[-0.43323034  0.02879489 -0.42454183]
 [-0.32921603  0.20695488 -0.05836762]
 [-0.04944309 -0.18727916 -0.14792638]]

-0.02288125269114971
Kernel 2

[[-0.0596499  -0.09614517 -0.0331276 ]
 [-0.0644661   0.0682204  -0.09174013]
 [-0.05634461  0.01457585  0.0803935 ]]

0.36073845624923706
----------

2:
Kernel 1

[[-0.38726404  0.08210482 -0.39990425]
 [-0.29729953  0.21881938 -0.04524457]
 [-0.02148504 -0.1942358  -0.09983131]]

-0.010821067728102207
Kernel 2

[[-0.06981812 -0.06455754 -0.03667393]
 [-0.03974464  0.05878413 -0.05805649]
 [-0.02975695 -0.00031264  0.06303317]]

0.473178505897522
----------

3:
Kernel 1

[[-0.3055195   0.08462033 -0.35894585]
 [-0.29733324  0.18515293 -0.02491428]
 [ 0.04145607 -0.21025307 -0.10307287]]

-0.004447849467396736
Kernel 2

[[-0.05742032 -0.0504385  -0.03369496]
 [-0.02973318  0.0428566  -0.05039977]
 [-0.02159373 -0.00298482  0.05345529]]

0.5423823595046997
----------

4:
Kernel 1

[[-0.1950774   0.04801401 -0.30437997]
 [-0.1495972   0.0893813   0.00254502]
 [ 0.06123197 -0.10987284 -0.03702238]]

-0.001434661797247827
Kernel 2

[[-0.06275786 -0.05243917 -0.02868428]
 [-0.03068691  0.04606237 -0.0445218 ]
 [-0.02700143 -0.00172362  0.0469908 ]]

0.5531741976737976
----------

5:
Kernel 1

[[-0.13547437  0.0411397  -0.23694703]
 [-0.08973099  0.0353822  -0.00808857]
 [ 0.06088858 -0.07115827 -0.02687682]]

-0.0025072540156543255
Kernel 2

[[-0.04708175 -0.04965671 -0.02544147]
 [-0.03784891  0.04929509 -0.03985298]
 [-0.02792162 -0.00504549  0.03911029]]

0.5484099984169006
----------

6:
Kernel 1

[[-0.10271682  0.02652233 -0.19533375]
 [-0.04366253  0.03187069 -0.03048533]
 [ 0.05744437 -0.04519442 -0.02835959]]

-0.0039535388350486755
Kernel 2

[[-0.04410384 -0.05182184 -0.02313854]
 [-0.029865    0.05247546 -0.04032496]
 [-0.02700114 -0.00516402  0.04347259]]

0.5567538738250732
----------

7:
Kernel 1

[[-0.08567324  0.01978335 -0.16770579]
 [-0.04200801  0.01820953 -0.02329769]
 [ 0.05095819 -0.0398456  -0.02594461]]

-0.009671095758676529
Kernel 2

[[-0.05099069 -0.06687251 -0.03711633]
 [-0.03961018  0.05101751 -0.0363008 ]
 [-0.02506312 -0.00276488  0.03628131]]

0.5552460551261902
----------

8:
Kernel 1

[[-0.08450019  0.01311318 -0.13902456]
 [-0.04035264  0.02734444 -0.0359938 ]
 [ 0.05017379 -0.03282176 -0.03062653]]

-0.01586526446044445
Kernel 2

[[-0.03491314 -0.06795736 -0.03258942]
 [-0.04553537  0.05816811 -0.03285713]
 [-0.02835848 -0.00234023  0.03923137]]

0.5350757837295532
----------

9:
Kernel 1

[[-0.09565131  0.00526409 -0.15057871]
 [-0.03210143  0.01741816 -0.03655   ]
 [ 0.05165758 -0.02825598 -0.01918657]]

-0.0007652330095879734
Kernel 2

[[-0.05644754 -0.06561507 -0.03706778]
 [-0.04503354  0.0578945  -0.03483896]
 [-0.02748503 -0.00440403  0.03494626]]

0.5320541858673096
----------

After Training:
Kernel 1

[[-0.09565131  0.00526409 -0.15057871]
 [-0.03210143  0.01741816 -0.03655   ]
 [ 0.05165758 -0.02825598 -0.01918657]]

-0.0007652330095879734
Kernel 2

[[-0.05644754 -0.06561507 -0.03706778]
 [-0.04503354  0.0578945  -0.03483896]
 [-0.02748503 -0.00440403  0.03494626]]

0.5320541858673096
----------

0:
Kernel 1

[[-0.26734808  0.11516856  0.3964672 ]
 [ 0.03335778 -0.40905505  0.22755846]
 [-0.22095013 -0.08879258  0.16278   ]]

-0.006639306899160147
Kernel 2

[[-0.2180432  -0.22176735 -0.24963218]
 [ 0.35012004 -0.1686277  -0.04214153]
 [-0.45800084  0.05373854  0.07412679]]

0.045700762420892715
----------

1:
Kernel 1

[[-0.2466108   0.12212063  0.38870296]
 [ 0.05576527 -0.39816537  0.2205598 ]
 [-0.20225888 -0.08161968  0.15871277]]

-0.00902506522834301
Kernel 2

[[-0.20800681 -0.22242491 -0.25757948]
 [ 0.35731885 -0.13755229 -0.02385006]
 [-0.46123388  0.07486958  0.08804018]]

0.05338490754365921
----------

2:
Kernel 1

[[-0.243961    0.11544445  0.37056336]
 [ 0.04824658 -0.40845156  0.20263858]
 [-0.20653334 -0.09272173  0.14477073]]

-0.021145105361938477
Kernel 2

[[-0.18697837 -0.22690567 -0.25663593]
 [ 0.36215016 -0.14044426 -0.02734818]
 [-0.480531    0.07369031  0.09056294]]

0.054710812866687775
----------

3:
Kernel 1

[[-0.23962224  0.11141399  0.36187047]
 [ 0.04583371 -0.40902415  0.1966325 ]
 [-0.20855215 -0.09112034  0.1443111 ]]

-0.024828048422932625
Kernel 2

[[-0.15669623 -0.24150631 -0.27077547]
 [ 0.37083083 -0.1488162  -0.0266702 ]
 [-0.47328958  0.08707014  0.10707729]]

0.06234245374798775
----------

4:
Kernel 1

[[-0.2331022   0.11583793  0.35957217]
 [ 0.04884718 -0.40488973  0.19227815]
 [-0.1966655  -0.08490702  0.14695708]]

-0.019944634288549423
Kernel 2

[[-0.13736196 -0.22695242 -0.28029916]
 [ 0.3752004  -0.15538663 -0.0302012 ]
 [-0.48815647  0.08640598  0.11376666]]

0.06069602817296982
----------

5:
Kernel 1

[[-0.22394228  0.11960623  0.36141223]
 [ 0.04654699 -0.39976695  0.19314162]
 [-0.19368418 -0.07364982  0.14852135]]

-0.017739417031407356
Kernel 2

[[-0.14243425 -0.2286012  -0.29154664]
 [ 0.35520566 -0.17435704 -0.02805187]
 [-0.51287323  0.08076994  0.12668553]]

0.061914488673210144
----------

6:
Kernel 1

[[-0.20146036  0.12302193  0.35965857]
 [ 0.06089952 -0.40069312  0.18207283]
 [-0.18500403 -0.07255483  0.13375875]]

-0.03214021772146225
Kernel 2

[[-0.10486239 -0.22976975 -0.32317233]
 [ 0.37771198 -0.18994948 -0.04309209]
 [-0.5164815   0.07646517  0.12563276]]

0.0715632364153862
----------

7:
Kernel 1

[[-0.1902826   0.13194555  0.3578135 ]
 [ 0.06609691 -0.39616463  0.18089738]
 [-0.17636456 -0.06619224  0.13965751]]

-0.031097732484340668
Kernel 2

[[-0.08965885 -0.22657673 -0.3342518 ]
 [ 0.38486877 -0.1982969  -0.04602044]
 [-0.51589     0.08577115  0.14005935]]

0.07349663972854614
----------

8:
Kernel 1

[[-0.19074318  0.12836672  0.3538963 ]
 [ 0.06618502 -0.39963278  0.17564122]
 [-0.17750719 -0.06915313  0.13551004]]

-0.035209253430366516
Kernel 2

[[-0.08411116 -0.23017307 -0.33824995]
 [ 0.39125785 -0.20087123 -0.04955794]
 [-0.50961274  0.0872525   0.14069206]]

0.07488768547773361
----------

9:
Kernel 1

[[-0.1906068   0.1287449   0.354303  ]
 [ 0.06641132 -0.3992859   0.1761448 ]
 [-0.17706582 -0.06881764  0.13624588]]

-0.03495996072888374
Kernel 2

[[-0.08558662 -0.23042297 -0.338186  ]
 [ 0.39044026 -0.20095156 -0.0501686 ]
 [-0.51059985  0.08697698  0.1398707 ]]

0.07410762459039688
----------

0:
Kernel 1

[[ 0.16585408 -0.23013213  0.31852004]
 [ 0.27186376 -0.1825138  -0.41192856]
 [ 0.10827532  0.00574539  0.18852334]]

-0.01714807003736496
Kernel 2

[[ 0.32710105 -0.3685322  -0.47537833]
 [ 0.08518227  0.21214738  0.08461423]
 [-0.13302955 -0.2783487   0.34161958]]

-0.024896983057260513
----------

1:
Kernel 1

[[ 0.16788344 -0.22418076  0.3144317 ]
 [ 0.27142835 -0.17285429 -0.41103926]
 [ 0.11611576  0.01239404  0.18177591]]

-0.02573256939649582
Kernel 2

[[ 0.3226091  -0.36941442 -0.4791125 ]
 [ 0.08410381  0.2074689   0.07748403]
 [-0.13090007 -0.2836827   0.33475098]]

-0.03304296359419823
----------

2:
Kernel 1

[[ 0.16268638 -0.2247711   0.31518504]
 [ 0.26658455 -0.1716858  -0.41470808]
 [ 0.11496137  0.00944887  0.1683973 ]]

-0.0324881412088871
Kernel 2

[[ 0.32269052 -0.36828712 -0.48389038]
 [ 0.08493417  0.20361166  0.07062966]
 [-0.13084333 -0.28981566  0.32759088]]

-0.039420075714588165
----------

3:
Kernel 1

[[ 0.1606029  -0.23127834  0.29944745]
 [ 0.26281995 -0.17271595 -0.42262676]
 [ 0.11284953  0.00408146  0.15516679]]

-0.04678687825798988
Kernel 2

[[ 0.32333094 -0.36977625 -0.48517787]
 [ 0.08984584  0.20432428  0.06975567]
 [-0.12292201 -0.28934616  0.32619962]]

-0.042120665311813354
----------

4:
Kernel 1

[[ 0.15585071 -0.23259652  0.3015782 ]
 [ 0.2563585  -0.17182525 -0.42061985]
 [ 0.1109861   0.0050907   0.1517495 ]]

-0.05270004644989967
Kernel 2

[[ 0.32674915 -0.3693411  -0.48955268]
 [ 0.09060962  0.20340508  0.07043488]
 [-0.12406957 -0.28932276  0.32634747]]

-0.04347908869385719
----------

5:
Kernel 1

[[ 0.17368342 -0.21900223  0.3067832 ]
 [ 0.27261242 -0.15632589 -0.4103996 ]
 [ 0.12484337  0.02067677  0.14949325]]

-0.05044769123196602
Kernel 2

[[ 0.31962737 -0.373457   -0.495985  ]
 [ 0.08320693  0.19924913  0.06229316]
 [-0.1293669  -0.29774907  0.3150043 ]]

-0.055354200303554535
----------

6:
Kernel 1

[[ 0.16421987 -0.22580536  0.30311105]
 [ 0.2681277  -0.15995623 -0.41363105]
 [ 0.12229922  0.016511    0.1430526 ]]

-0.059990301728248596
Kernel 2

[[ 0.31263414 -0.38077596 -0.49943736]
 [ 0.07739319  0.19510248  0.0680918 ]
 [-0.13377023 -0.29518524  0.32083145]]

-0.05471163988113403
----------

7:
Kernel 1

[[ 0.15929222 -0.23499474  0.28855088]
 [ 0.2577908  -0.16585885 -0.42650855]
 [ 0.11316008  0.01261478  0.11961018]]

-0.09724381566047668
Kernel 2

[[ 0.3044887  -0.3856374  -0.499564  ]
 [ 0.06824077  0.18418722  0.05905415]
 [-0.13659057 -0.30594218  0.30857638]]

-0.07419807463884354
----------

8:
Kernel 1

[[ 0.15447536 -0.23460804  0.2888223 ]
 [ 0.26058495 -0.15724748 -0.42044196]
 [ 0.12604147  0.0270473   0.12249939]]

-0.10694397985935211
Kernel 2

[[ 0.30137664 -0.38681668 -0.5004697 ]
 [ 0.07061576  0.18834107  0.06556084]
 [-0.13224816 -0.2992123   0.31743476]]

-0.07262242585420609
----------

9:
Kernel 1

[[ 0.15261973 -0.23539965  0.27989691]
 [ 0.25747624 -0.16062497 -0.42986664]
 [ 0.12778035  0.02321903  0.11284758]]

-0.1083553209900856
Kernel 2

[[ 0.29753017 -0.38746893 -0.5043122 ]
 [ 0.06602521  0.18401669  0.06583315]
 [-0.13530494 -0.29939213  0.3136993 ]]

-0.08114368468523026
